$ANSIBLE_VAULT;1.1;AES256
64666237306639353932663539326132316461303338626362353363656135646462306237343231
6539333232336361336430363263363931643539633362380a346633313834333532366362663035
32366131366163306262623363363065303937656435323263393230343964613239373835303632
3632376266306664640a393965663039326534363438653464316364633762343066393561613534
34633863323130363435616237316535373431366466613063306236323034333431393263353634
65636634376330343233636634353061313838343637396236313561653138363737333035613839
34343831336463323339656463326333303730363434316231653262366335333238353863386465
39393862626639376263663031326337626531366663343262646465313737376434343361303036
62393132363436326130613836303864633963633939373830353461663763343938393438343562
32626632313132306131396435373531363136386161303435613064316331646237373031353061
62333333656232346263613638393863663636663862653336386137643261646535376463643262
35306365366130623833373364663439653561343866363539643737663162626234656636383531
62636662313330656664313363366461336138346630663839626338313539336566373064333264
64386334643538323461343732363235653131646638396662326632363431396166366264636366
38633535653735383931376639643538353832303063393433363936373636363964323036313535
31383136363232623833353138666464366631623965316635393633303239303739666432393964
33353435373966396634333661663336653365306266316431386561396366323164393330653138
64333861353431626530346537336632306636316434663034613665343334353461353163623239
36303964653730656337376532656132383039373662323236376235353966386331343431376466
30616437303332386635343565623938653762346638366164393466633534323233346661303136
64663239383764363836633261636165663437653763303738613436303535643037326631396463
35363037326236366236333739653831663238626463656166306564336265633932633331393333
38313165316332623237376264323333633230616133313662643235373234306561323863663939
62396334666562653130343965616337333838663766393138623531653663343331386135613935
31333665396663383931656238643436343939316262366265366665663364353238373532636639
30396438323739643863666138666563613134363034643762363132643338383064346565313965
31643432396633313631656330363662643437643233656331306366633938383362643535643630
36383461613865303362
